Td		ID		Tj		Df		Dd		Db
11		2006		6		0		5		5

13		2004		6		0		7		7

13		2000		6		0		7		7

13		2001		6		0		7		7

14		2005		6		0		8		8

14		2013		9		0		5		5

15		2003		6		0		9		9

15		2009		9		0		6		6

16		5		6		0		10		10

19		2015		12		0		7		7

19		2017		12		0		7		7

20		2025		13		0		7		7

21		2011		9		0		12		12

21		7		6		0		15		15

22		2007		9		0		13		13

22		2022		13		0		9		9

24		2012		9		0		15		15

24		2019		12		0		12		12

25		2023		13		0		12		12

26		2014		12		0		14		14

26		2027		13		1		12		13

27		2044		19		0		8		8

27		2035		17		0		10		10

27		2		6		0		21		21

28		2026		13		0		15		15

29		2002		6		0		23		23

29		2033		16		0		13		13

29		2047		19		0		10		10

30		2043		19		1		10		11

30		2031		16		1		13		14

32		2040		17		0		15		15

33		2046		19		1		13		14

33		2038		17		0		16		16

33		25		13		0		20		20

34		2037		17		0		17		17

34		2024		13		0		21		21

35		2049		27		0		8		8

35		2029		16		0		19		19

35		2059		28		1		6		7

37		2054		27		0		10		10

38		2055		27		0		11		11

39		2008		9		0		30		30

39		2010		9		0		30		30

39		2036		17		1		21		22

39		38		17		0		22		22

40		2061		28		0		12		12

41		2030		16		0		25		25

42		2042		19		0		23		23

42		2060		28		0		14		14

44		2021		13		1		30		31

44		27		13		1		30		31

44		39		17		1		26		27

44		12		9		0		35		35

46		2018		12		1		33		34

46		2020		12		1		33		34

46		2066		40		0		6		6

46		2058		28		5		13		18

46		20		12		0		34		34

47		2062		28		0		19		19

48		2028		16		1		31		32

48		4		6		0		42		42

49		2053		27		0		22		22

49		2065		40		0		9		9

49		2045		19		0		30		30

50		2050		27		3		20		23

51		2051		27		2		22		24

51		2071		43		0		8		8

51		10		9		0		42		42

52		2048		19		2		31		33

52		2072		43		0		9		9

53		2074		43		0		10		10

54		2079		44		0		10		10

54		2034		16		0		38		38

54		2082		44		0		10		10

55		2094		47		0		8		8

55		2090		45		0		10		10

56		2096		47		0		9		9

56		2057		28		4		24		28

57		2016		12		0		45		45

57		2032		16		1		40		41

57		2063		40		1		16		17

57		2064		40		0		17		17

57		2052		27		0		30		30

57		56		27		2		28		30

58		2091		47		1		10		11

59		2070		43		0		16		16

59		2099		55		0		4		4

59		18		12		0		47		47

61		2056		28		4		29		33

64		2039		17		1		46		47

64		2124		60		0		4		4

67		2041		17		1		49		50

67		2123		60		0		7		7

68		2122		60		0		8		8

68		2106		58		0		10		10

69		2117		59		0		10		10

70		2116		59		0		11		11

70		2125		60		0		10		10

71		2127		63		0		8		8

72		2088		45		0		27		27

73		2140		66		0		7		7

73		2146		66		1		6		7

73		2144		66		0		7		7

74		2085		45		2		27		29

74		2134		65		0		9		9

76		2078		44		1		31		32

76		2080		44		1		31		32

76		33		16		1		59		60

76		46		19		1		56		57

77		2075		43		0		34		34

78		2068		40		0		38		38

78		52		27		2		49		51

81		2163		77		0		4		4

81		2073		43		0		38		38

82		2166		77		0		5		5

82		2158		76		0		6		6

83		2164		77		0		6		6

84		2095		47		0		37		37

85		2181		80		0		5		5

86		2172		79		0		7		7

87		2156		76		0		11		11

87		2167		77		0		10		10

90		2179		80		0		10		10

91		2093		47		2		42		44

91		2069		40		1		50		51

91		2187		83		0		8		8

91		2182		83		0		8		8

92		2081		44		0		48		48

94		2184		83		0		11		11

95		2105		58		2		35		37

95		2189		86		1		8		9

96		2200		88		0		8		8

97		2092		47		1		49		50

97		2114		59		2		36		38

98		2113		59		0		39		39

98		2190		86		0		12		12

99		2216		92		0		7		7

100		2197		88		0		12		12

101		2148		68		0		33		33

101		2139		65		0		36		36

101		2211		92		0		9		9

102		2120		60		2		40		42

102		2229		96		1		5		6

102		75		43		2		57		59

103		2112		59		0		44		44

103		2121		60		0		43		43

103		2221		94		0		9		9

104		2115		59		2		43		45

104		2234		98		0		6		6

104		2102		55		0		49		49

104		2226		96		1		7		8

104		2225		96		0		8		8

105		2232		98		0		7		7

105		2228		96		0		9		9

107		2230		96		0		11		11

107		2208		89		0		18		18

108		2076		43		0		65		65

109		72		43		2		64		66

112		2131		63		0		49		49

112		2143		66		0		46		46

112		2244		107		0		5		5

113		2142		66		2		45		47

113		2098		55		5		53		58

114		2101		55		5		54		59

114		2249		109		0		5		5

115		2136		65		0		50		50

115		2089		45		0		70		70

117		23		13		0		104		104

117		216		92		0		25		25

118		68		40		1		77		78

119		2097		47		2		70		72

119		245		107		0		12		12

123		2256		118		0		5		5

124		2137		65		3		56		59

124		2126		63		2		59		61

124		2255		118		0		6		6

124		153		68		4		52		56

125		2258		118		0		7		7

126		2100		55		1		70		71

126		2077		44		1		81		82

126		2253		118		0		8		8

126		236		98		0		28		28

126		257		118		0		8		8

127		250		109		0		18		18

128		119		59		4		65		69

129		2266		126		0		3		3

130		2087		45		2		83		85

130		2259		125		0		5		5

130		2263		125		0		5		5

131		2265		125		0		6		6

131		2175		80		0		51		51

132		2277		129		0		3		3

133		2108		58		0		75		75

133		2152		68		0		65		65

134		2235		98		0		36		36

134		2086		45		0		89		89

135		2227		96		0		39		39

135		103		55		3		77		80

135		260		125		0		10		10

136		2132		63		0		73		73

136		2084		45		0		91		91

136		2119		60		0		76		76

136		2278		129		0		7		7

138		2155		76		0		62		62

138		2083		44		0		94		94

139		2176		80		0		59		59

142		2067		40		0		102		102

142		270		126		0		16		16

143		2149		68		3		72		75

143		51		27		2		114		116

143		83		44		3		96		99

144		2151		68		3		73		76

144		2285		140		0		4		4

147		2145		66		3		78		81

148		2138		65		0		83		83

149		2224		96		0		53		53

149		2283		140		0		9		9

149		284		140		0		9		9

150		2231		98		0		52		52

151		2153		68		3		80		83

152		2280		140		0		12		12

152		2297		145		2		5		7

153		2104		55		0		98		98

154		2191		86		4		64		68

156		2185		83		5		68		73

156		2154		76		3		77		80

156		2161		77		0		79		79

157		2206		89		5		63		68

157		2299		145		0		12		12

157		2296		145		0		12		12

157		70		40		1		116		117

158		79		44		3		111		114

159		2300		145		0		14		14

159		2288		144		0		15		15

159		2301		147		1		11		12

159		118		59		3		97		100

159		71		43		2		114		116

160		2294		145		0		15		15

160		2307		147		0		13		13

161		2173		79		3		79		82

161		2290		144		0		17		17

162		2304		147		0		15		15

163		2289		144		0		19		19

165		2107		58		2		105		107

165		2110		58		2		105		107

165		2237		98		5		62		67

165		2321		157		0		8		8

166		2168		79		0		87		87

166		2317		157		0		9		9

166		104		55		3		108		111

167		2186		83		5		79		84

167		2313		155		2		10		12

167		2199		88		0		79		79

167		2322		162		0		5		5

168		2213		92		0		76		76

169		2178		80		4		85		89

169		2111		58		0		111		111

169		2128		63		7		99		106

170		2219		94		0		76		76

171		2236		98		5		68		73

171		217		92		5		74		79

172		2118		59		0		113		113

173		94		47		4		122		126

174		2341		170		0		4		4

174		2133		65		7		102		109

174		2344		171		0		3		3

175		2343		171		0		4		4

175		2141		66		0		109		109

175		2109		58		0		117		117

175		2103		55		0		120		120

175		2135		65		7		103		110

175		90		45		3		127		130

175		121		60		4		111		115

176		2165		77		3		96		99

176		2162		77		0		99		99

176		2220		94		0		82		82

176		2195		86		0		90		90

176		2305		147		0		29		29

177		2276		129		0		48		48

177		2194		86		0		91		91

177		2204		89		0		88		88

178		2275		129		0		49		49

178		2150		68		0		110		110

178		2130		63		7		108		115

178		190		86		5		87		92

179		2171		79		0		100		100

179		2207		89		0		90		90

181		47		19		1		161		162

182		309		155		1		26		27

184		2241		107		0		77		77

184		158		76		3		105		108

185		150		68		4		113		117

186		2222		94		0		92		92

187		2355		181		0		6		6

187		2351		181		0		6		6

188		2248		109		0		79		79

188		2218		94		16		78		94

189		2174		79		3		107		110

190		2160		76		3		111		114

191		2223		94		0		97		97

192		2368		184		0		8		8

193		2374		189		0		4		4

194		2273		129		0		65		65

194		2372		189		0		5		5

195		2147		68		3		124		127

195		2193		86		0		109		109

196		193		86		5		105		110

196		254		118		7		71		78

197		2202		88		0		109		109

197		2170		79		0		118		118

197		2377		189		0		8		8

199		2373		189		0		10		10

200		2129		63		2		135		137

201		2246		109		15		77		92

201		2379		196		0		5		5

201		2382		196		0		5		5

202		2245		109		5		88		93

203		2381		196		0		7		7

203		2388		200		0		3		3

205		2205		89		5		111		116

205		2392		201		0		4		4

206		2398		201		0		5		5

206		374		189		1		16		17

207		2391		200		0		7		7

207		2284		140		0		67		67

207		2333		165		0		42		42

207		2254		118		0		89		89

207		102		55		3		149		152

207		377		189		0		18		18

208		2260		125		0		83		83

209		2271		126		0		83		83

209		2358		183		20		6		26

210		2192		86		0		124		124

210		2203		89		0		121		121

211		2157		76		3		132		135

211		2209		89		5		117		122

211		2292		144		0		67		67

211		2159		76		0		135		135

212		2315		157		0		55		55

212		2311		155		22		35		57

212		2345		171		0		41		41

212		2212		92		0		120		120

212		251		109		7		96		103

213		2210		92		15		106		121

213		2169		79		0		134		134

213		2198		88		0		125		125

214		2309		155		21		38		59

214		77		43		2		169		171

214		261		125		6		83		89

215		2325		162		0		53		53

217		98		47		4		166		170

217		111		58		3		156		159

218		2412		214		0		4		4

218		2408		214		0		4		4

219		2411		214		0		5		5

220		409		214		0		6		6

220		387		200		0		20		20

221		408		214		0		7		7

223		2413		218		0		5		5

223		2250		109		0		114		114

223		214		92		5		126		131

224		2201		88		5		131		136

224		2414		218		0		6		6

225		2274		129		5		91		96

225		2425		221		0		4		4

226		198		88		5		133		138

226		218		94		5		127		132

226		221		94		5		127		132

227		2251		109		0		118		118

227		2376		189		0		38		38

229		2215		92		6		131		137

229		2238		107		11		111		122

229		2314		155		0		74		74

229		2336		170		0		59		59

229		2316		157		0		72		72

230		2308		155		21		54		75

231		2177		80		0		151		151

231		2214		92		0		139		139

231		2444		226		0		5		5

232		2257		118		0		114		114

232		2422		221		0		11		11

234		2247		109		15		110		125

234		2433		222		0		12		12

235		2312		155		0		80		80

237		2438		224		0		13		13

238		2183		83		4		151		155

238		2196		88		5		145		150

238		2440		224		0		14		14

238		2239		107		11		120		131

238		2443		226		0		12		12

239		2434		224		1		14		15

240		2439		224		0		16		16

240		2399		203		0		37		37

240		233		98		5		137		142

241		2240		107		5		129		134

241		2406		214		0		27		27

241		2441		226		0		15		15

242		2462		231		0		11		11

242		2428		222		0		20		20

243		2448		227		0		16		16

244		164		77		4		163		167

245		2467		231		0		14		14

246		2272		126		5		115		120

246		2286		140		0		106		106

246		2466		231		0		15		15

248		2476		237		0		11		11

248		263		125		6		117		123

249		2188		83		0		166		166

249		2471		235		1		13		14

249		215		92		5		152		157

249		273		126		6		117		123

250		2270		126		0		124		124

250		2482		237		3		10		13

250		235		98		6		146		152

251		2281		140		6		105		111

251		2180		80		4		167		171

251		2370		184		0		67		67

251		2287		144		0		107		107

252		2469		235		1		16		17

252		2464		231		0		21		21

253		2473		235		2		16		18

253		2468		231		0		22		22

253		366		184		8		61		69

254		2302		147		6		101		107

254		2383		196		0		58		58

254		2503		244		0		10		10

254		2491		242		1		11		12

254		2488		241		1		12		13

254		2475		235		0		19		19

254		497		242		0		12		12

255		2233		98		5		152		157

255		2326		162		0		93		93

255		168		77		4		174		178

256		2490		242		2		12		14

256		2500		244		0		12		12

257		2477		237		0		20		20

257		2387		200		0		57		57

257		2324		162		0		95		95

257		2497		244		0		13		13

257		287		140		6		111		117

258		2328		162		5		91		96

258		2492		242		1		15		16

258		484		241		0		17		17

259		2514		254		0		5		5

260		2352		181		5		74		79

260		2361		183		0		77		77

260		2396		201		0		59		59

261		503		244		0		17		17

262		2478		237		0		25		25

262		2504		252		0		10		10

262		223		94		5		163		168

263		299		145		7		111		118

264		2506		252		0		12		12

264		2332		165		0		99		99

267		2505		252		1		14		15

267		2531		263		0		4		4

267		2524		259		0		8		8

268		2320		157		5		106		111

268		2522		259		0		9		9

269		524		259		0		10		10

270		2354		181		5		84		89

270		2267		126		14		130		144

270		2512		254		1		15		16

270		2264		125		0		145		145

273		2520		259		0		14		14

273		2538		264		0		9		9

274		2518		259		0		15		15

274		2537		264		0		10		10

276		2541		267		0		9		9

277		2532		264		1		12		13

277		538		264		0		13		13

278		2530		263		3		12		15

279		2525		263		1		15		16

280		2526		263		0		17		17

280		2527		263		2		15		17

281		2303		147		6		128		134

281		2262		125		5		151		156

281		239		107		6		168		174

283		2371		189		6		88		94

283		148		68		3		212		215

283		528		263		0		20		20

284		304		147		7		130		137

285		2542		267		0		18		18

285		2329		165		17		103		120

285		2551		280		0		5		5

285		2331		165		18		102		120

286		2366		184		5		97		102

287		2318		157		5		125		130

287		2554		281		0		6		6

288		2279		129		5		154		159

288		2282		140		6		142		148

288		2252		118		5		165		170

288		2360		183		0		105		105

288		2553		281		0		7		7

288		2552		280		0		8		8

288		322		157		8		123		131

289		2269		126		0		163		163

289		386		200		8		81		89

290		2402		203		0		87		87

290		2555		281		0		9		9

291		2393		201		6		84		90

291		2261		125		0		166		166

292		2569		286		0		6		6

292		2556		281		0		11		11

293		2419		218		0		75		75

293		2577		288		0		5		5

293		2548		280		0		13		13

294		2403		203		7		84		91

295		2327		162		5		128		133

295		2217		94		16		185		201

295		2567		286		0		9		9

296		2571		286		1		9		10

297		2564		282		1		14		15

297		2579		288		0		9		9

298		2494		242		0		56		56

298		2348		171		0		127		127

299		2581		293		0		6		6

300		2446		226		0		74		74

300		2323		162		18		120		138

300		2447		226		0		74		74

301		2590		294		0		7		7

301		2338		170		0		131		131

301		2587		293		0		8		8

302		2589		294		0		8		8

302		2306		147		0		155		155

302		2594		294		0		8		8

302		2350		181		0		121		121

303		2293		144		5		154		159

303		2243		107		0		196		196

304		2298		145		5		154		159

304		2599		297		0		7		7

304		167		77		4		223		227

306		2593		294		0		12		12

308		2606		304		0		4		4

310		2346		171		5		134		139

310		588		293		0		17		17

312		2365		184		0		128		128

312		2334		165		0		147		147

313		2605		304		0		9		9

314		2319		157		5		152		157

314		2608		304		0		10		10

315		243		107		6		202		208

316		2623		308		0		8		8

316		2613		306		0		10		10

317		2635		311		0		6		6

317		2364		184		21		112		133

317		2622		307		0		10		10

318		2612		306		0		12		12

319		2291		144		0		175		175

319		2641		313		0		6		6

320		2609		306		0		14		14

320		2640		313		0		7		7

320		380		196		7		117		124

321		2349		171		6		144		150

321		2617		307		1		13		14

322		2459		230		8		84		92

322		352		181		7		134		141

323		2648		315		0		8		8

323		2498		244		0		79		79

323		2502		244		0		79		79

323		437		224		8		91		99

324		2430		222		0		102		102

324		2626		308		0		16		16

325		2375		189		0		136		136

325		292		144		6		175		181

326		2242		107		0		219		219

326		2340		170		0		156		156

327		2633		311		0		16		16

327		2310		155		21		151		172

327		2458		230		0		97		97

327		2450		227		0		100		100

329		2385		200		6		123		129

329		2654		317		0		12		12

329		2645		315		1		13		14

330		656		317		0		13		13

332		2421		221		6		105		111

332		2394		201		6		125		131

332		2335		165		5		162		167

332		2516		254		0		78		78

335		2474		235		0		100		100

335		2677		322		0		13		13

335		466		231		7		97		104

336		2651		317		2		17		19

336		2671		321		1		14		15

338		2397		201		0		137		137

338		381		196		7		135		142

339		268		126		6		207		213

340		2676		322		2		16		18

340		234		98		6		236		242

341		2680		323		2		16		18

342		2356		181		5		156		161

342		2683		323		2		17		19

343		2337		170		5		168		173

343		2479		237		0		106		106

343		2359		183		0		160		160

343		2357		183		20		140		160

343		2670		321		0		22		22

344		2470		235		0		109		109

345		2710		335		0		10		10

345		2489		241		0		104		104

345		2679		323		0		22		22

345		2662		320		0		25		25

347		2455		230		7		110		117

347		2672		322		0		25		25

347		2667		321		0		26		26

347		274		129		9		209		218

348		2684		323		4		21		25

350		2401		203		7		140		147

350		2660		320		0		30		30

352		2707		335		0		17		17

352		2695		330		1		21		22

353		2535		264		0		89		89

353		2718		337		0		16		16

353		2369		184		0		169		169

354		2698		330		3		21		24

355		2700		334		0		21		21

355		2708		335		1		19		20

357		2711		335		1		21		22

357		271		126		6		225		231

358		2689		325		3		30		33

358		333		165		8		185		193

358		361		183		7		168		175

359		2716		337		9		13		22

360		2342		170		0		190		190

360		2501		244		0		116		116

360		2691		325		0		35		35

361		2701		334		3		24		27

361		2687		325		0		36		36

362		2426		221		0		141		141

362		2713		335		1		26		27

362		2726		348		1		13		14

363		2731		350		0		13		13

363		2722		348		1		14		15

364		2746		354		0		10		10

365		2739		351		0		14		14

365		2295		145		0		220		220

365		2545		267		0		98		98

365		2721		348		1		16		17

365		282		140		6		219		225

365		744		354		1		10		11

366		2484		241		9		116		125

366		2424		221		0		145		145

366		748		354		0		12		12

367		2432		222		0		145		145

367		2442		226		0		141		141

367		2733		350		0		17		17

367		2750		356		1		10		11

368		2744		354		0		14		14

368		2596		297		0		71		71

368		2715		337		2		29		31

369		2510		252		0		117		117

369		2508		252		0		117		117

370		2507		252		0		118		118

370		2764		365		0		5		5

370		2769		365		0		5		5

371		2410		214		0		157		157

371		2688		325		0		46		46

372		2353		181		0		191		191

373		2690		325		0		48		48

374		2362		183		6		185		191

374		2763		365		0		9		9

374		92		47		4		323		327

374		378		189		9		176		185

375		2456		230		7		138		145

375		2457		230		7		138		145

375		2559		281		0		94		94

375		2778		370		0		5		5

375		2774		367		0		8		8

375		2776		367		0		8		8

376		494		242		10		124		134

377		2480		237		0		140		140

378		293		144		7		227		234

381		338		170		8		203		211

382		2558		281		0		101		101

382		2363		183		0		199		199

382		789		371		0		11		11

383		2452		227		7		149		156

383		2404		203		0		180		180

384		2405		203		0		181		181

384		2330		165		18		201		219

385		2790		371		0		14		14

385		400		203		10		172		182

386		2568		286		25		75		100

387		2787		371		0		16		16

387		328		162		8		217		225

388		2576		288		0		100		100

389		2268		126		15		248		263

390		2785		371		0		19		19

391		759		359		0		32		32

392		2780		370		0		22		22

392		2807		377		0		15		15

393		2435		224		6		163		169

393		2794		373		0		20		20

393		2534		264		0		129		129

393		2818		379		0		14		14

394		2415		218		23		153		176

394		2808		377		1		16		17

394		810		377		0		17		17

395		2817		379		1		15		16

395		2793		373		0		22		22

395		2792		373		0		22		22

396		2417		218		6		172		178

396		2802		375		1		20		21

397		2483		241		9		147		156

397		2835		391		0		6		6

397		2812		379		2		16		18

397		2798		375		0		22		22

398		2826		384		0		14		14

398		2420		221		23		154		177

398		2824		383		0		15		15

399		2493		242		9		148		157

399		2449		227		7		165		172

399		2819		383		3		13		16

399		2582		293		0		106		106

399		817		379		0		20		20

400		2844		395		0		5		5

400		473		235		8		157		165

401		2472		235		8		158		166

401		2431		222		0		179		179

401		2841		395		1		5		6

401		821		383		0		18		18

404		2842		395		0		9		9

405		2460		230		0		175		175

405		2849		400		0		5		5

405		2681		323		0		82		82

406		2389		200		0		206		206

406		306		147		7		252		259

407		2347		171		6		230		236

407		2843		395		1		11		12

408		2852		400		0		8		8

408		2767		365		0		43		43

408		2384		196		0		212		212

408		2853		400		0		8		8

408		406		203		11		194		205

409		2380		196		0		213		213

410		2395		201		13		196		209

411		2465		231		8		172		180

412		2436		224		7		181		188

414		2486		241		9		164		173

415		2445		226		7		182		189

415		2854		404		0		11		11

415		2611		306		0		109		109

415		2859		404		0		11		11

415		2857		404		0		11		11

415		2872		409		0		6		6

418		2620		307		0		111		111

420		2339		170		5		245		250

421		2519		259		0		162		162

423		2634		311		0		112		112

423		2631		311		0		112		112

423		2416		218		24		181		205

423		2407		214		0		209		209

423		422		221		7		195		202

424		2533		264		9		151		160

425		2572		286		0		139		139

425		2896		415		0		10		10

425		2863		407		0		18		18

428		2495		242		0		186		186

429		2642		313		0		116		116

431		2539		267		9		155		164

431		2892		414		0		17		17

431		2487		241		0		190		190

432		2367		184		6		242		248

432		2418		218		0		214		214

433		2876		410		1		22		23

435		2597		297		9		129		138

435		2509		252		8		175		183

435		2891		414		1		20		21

436		2867		407		0		29		29

436		2869		409		0		27		27

438		2390		200		6		232		238

438		2886		413		0		25		25

438		2911		419		3		16		19

439		2931		424		1		14		15

439		2928		421		0		18		18

440		2912		419		1		20		21

440		496		242		10		188		198

441		2927		421		0		20		20

442		2900		415		0		27		27

443		2873		409		0		34		34

443		2868		409		0		34		34

444		2916		419		0		25		25

444		2437		224		0		220		220

444		2901		415		1		28		29

445		2881		410		0		35		35

445		2913		419		0		26		26

446		2378		196		6		244		250

446		2922		420		3		23		26

448		2461		230		8		210		218

448		2400		203		6		239		245

448		2880		410		3		35		38

449		2991		441		0		8		8

450		2513		254		0		196		196

451		2540		267		9		175		184

451		2598		297		0		154		154

452		2919		420		0		32		32

453		2895		414		3		36		39

454		2696		330		0		124		124

454		2904		416		0		38		38

455		2942		429		0		26		26

455		2951		431		0		24		24

456		2451		227		7		222		229

456		2974		436		6		14		20

458		2409		214		0		244		244

458		542		267		9		182		191

459		2499		244		9		206		215

460		2889		414		0		46		46

461		2515		254		8		199		207

461		2528		263		9		189		198

462		2948		431		0		31		31

463		2615		306		0		157		157

464		490		241		9		214		223

464		1024		451		0		13		13

465		3003		445		3		17		20

465		2973		436		4		25		29

466		2536		264		9		193		202

466		2960		433		0		33		33

466		391		200		8		258		266

467		2930		421		1		45		46

468		2903		416		3		49		52

468		1047		459		0		9		9

469		2894		414		0		55		55

469		2944		429		4		36		40

470		3031		452		3		15		18

472		2607		304		9		159		168

472		2714		337		0		135		135

474		2543		267		9		198		207

474		2908		416		0		58		58

475		2999		442		1		32		33

475		2953		432		1		42		43

475		279		129		9		337		346

475		281		140		6		329		335

476		3034		452		3		21		24

476		3022		451		4		21		25

476		2963		433		3		40		43

477		425		221		7		249		256

480		2453		227		7		246		253

480		2966		435		2		43		45

481		2546		280		9		192		201

481		2570		286		0		195		195

481		3005		445		2		34		36

481		3029		452		1		28		29

482		2511		254		8		220		228

482		2639		313		0		169		169

483		2643		313		0		170		170

483		2496		242		0		241		241

484		2517		254		9		221		230

484		2724		348		0		136		136

485		2935		424		0		61		61

485		1053		467		0		18		18

488		3009		446		8		34		42

488		2990		441		15		32		47

489		1098		480		0		9		9

490		2970		435		5		50		55

490		636		311		12		167		179

491		3018		449		3		39		42

492		2647		315		0		177		177

492		3052		467		0		25		25

494		3049		459		4		31		35

497		3011		446		2		49		51

497		3059		469		1		27		28

498		2423		221		23		254		277

498		2997		442		0		56		56

499		2523		259		9		231		240

499		3038		457		0		42		42

499		3012		446		2		51		53

500		3083		476		2		22		24

500		3053		467		3		30		33

Battle result: Draw

 For Earth Army :
Total number of ES 287
Total number of ET 424
Total number of EG 386
Total number of HU 51
percentage of destructed ES relative to their total 34.1463
percentage of destructed ET relative to their total 8.25472
percentage of destructed EG relative to their total 0
percentage of total destructed Earth units relative to their total 12.124
percentage of healed units relative to total earth units 1.732
Average of Df for Earth army units 3.74419
Average of Dd for Earth army units 105.481
Average of Db for Earth army units 109.225
Df/Db percentage for Earth army 0.0342796
Dd/Db percentage for Earth army 0.96572
For Alien Army :
Total number of AS 306
Total number of AM 387
Total number of AD 455
percentage of destructed AS relative to their total 45.4248
percentage of destructed AM relative to their total 89.4057
percentage of destructed AD relative to their total 54.9451
percentage of total destructed Alien units relative to their total 64.0244
Average of Df for Alien army units 1.86803
Average of Dd for Alien army units 62.2177
Average of Db for Alien army units 64.0857
Df/Db percentage for Alien army 0.0291489
Dd/Db percentage for Alien army 0.970851
