Td		ID		Tj		Df		Dd		Db
3		2003		2		0		1		1

4		2001		2		0		2		2

4		2004		2		0		2		2

5		2012		3		0		2		2

6		2002		2		0		4		4

6		2005		2		0		4		4

6		2008		3		0		3		3

6		2013		3		0		3		3

6		2011		3		0		3		3

7		2009		3		0		4		4

7		2007		3		0		4		4

8		2000		2		0		6		6

8		2006		2		0		6		6

8		2010		3		0		5		5

13		2015		12		0		1		1

14		2014		12		0		2		2

15		2019		12		0		3		3

15		2027		14		0		1		1

16		2021		14		0		2		2

17		2017		12		0		5		5

17		2026		14		0		3		3

17		2020		12		0		5		5

17		2025		14		0		3		3

18		2034		16		0		2		2

19		2030		16		0		3		3

20		2032		16		0		4		4

21		2023		14		0		7		7

21		2024		14		0		7		7

21		2		2		0		19		19

22		2016		12		0		10		10

22		2035		20		0		2		2

22		2039		20		0		2		2

23		2018		12		0		11		11

23		2041		20		0		3		3

24		2040		20		0		4		4

24		2046		23		0		1		1

25		2022		14		0		11		11

25		2044		23		0		2		2

26		2042		23		0		3		3

26		4		2		0		24		24

27		2043		23		0		4		4

27		2054		25		0		2		2

27		2048		23		0		4		4

27		2051		25		0		2		2

27		2060		26		0		1		1

28		2050		25		0		3		3

28		2052		25		0		3		3

28		2056		26		0		2		2

28		16		12		0		16		16

29		2033		16		1		12		13

29		2057		26		0		3		3

29		2055		25		0		4		4

29		2058		26		0		3		3

29		2062		26		0		3		3

29		2049		25		0		4		4

29		2065		28		0		1		1

30		2069		28		0		2		2

30		2059		26		0		4		4

31		2061		26		0		5		5

31		2067		28		0		3		3

31		2068		28		0		3		3

32		2029		16		1		15		16

32		2031		16		1		15		16

33		2028		16		1		16		17

33		2072		32		0		1		1

34		2036		20		1		13		14

34		2071		32		0		2		2

34		2074		32		0		2		2

36		2053		25		1		10		11

36		2037		20		1		15		16

36		2045		23		1		12		13

36		2073		32		0		4		4

36		2082		35		0		1		1

36		2078		35		0		1		1

36		2079		35		0		1		1

36		2077		35		0		1		1

37		2047		23		1		13		14

37		2081		35		0		2		2

38		2066		28		2		8		10

38		2038		20		1		17		18

39		2064		28		2		9		11

40		2063		28		2		10		12

40		2070		32		1		7		8

41		2075		32		1		8		9

41		2088		39		0		2		2

41		2086		39		0		2		2

42		2090		39		0		3		3

43		2076		32		2		9		11

43		2084		39		0		4		4

43		2085		39		0		4		4

45		2080		35		1		9		10

45		2083		35		2		8		10

45		2087		39		1		5		6

45		2095		44		0		1		1

45		2092		44		0		1		1

47		2089		39		1		7		8

47		2094		44		0		3		3

47		2098		45		0		2		2

48		2091		44		0		4		4

48		2104		45		0		3		3

49		2105		46		0		3		3

49		2093		44		0		5		5

49		2108		46		0		3		3

49		2100		45		0		4		4

50		2097		44		0		6		6

50		2099		45		0		5		5

50		2102		45		0		5		5

50		2123		49		0		1		1

51		2111		46		0		5		5

51		2118		48		0		3		3

51		2107		46		0		5		5

52		2109		46		1		5		6

52		2101		45		1		6		7

52		2103		45		1		6		7

52		2096		44		0		8		8

52		2112		48		1		3		4

52		2110		46		0		6		6

52		2125		49		0		3		3

52		2122		49		0		3		3

52		25		14		0		38		38

53		2106		46		0		7		7

53		2119		49		0		4		4

53		2114		48		0		5		5

53		2113		48		2		3		5

53		2124		49		0		4		4

53		2117		48		0		5		5

53		2120		49		0		4		4

54		2115		48		2		4		6

56		2121		49		1		6		7

57		2116		48		1		8		9

59		2129		57		0		2		2

59		2131		57		0		2		2

59		2139		58		0		1		1

60		2127		57		0		3		3

60		2136		58		0		2		2

60		2134		58		0		2		2

61		2132		57		0		4		4

61		2133		58		0		3		3

61		2138		58		0		3		3

61		2137		58		0		3		3

63		2126		57		0		6		6

63		2130		57		0		6		6

64		2142		62		0		2		2

64		2146		62		0		2		2

64		2144		62		0		2		2

65		2135		58		0		7		7

65		2143		62		0		3		3

66		2128		57		0		9		9

66		2141		62		0		4		4

69		2140		62		0		7		7

69		2150		68		0		1		1

70		2145		62		1		7		8

71		2147		68		0		3		3

71		2157		69		0		2		2

71		2155		69		0		2		2

71		2160		69		0		2		2

72		2151		68		0		4		4

72		2152		68		0		4		4

72		2158		69		0		3		3

73		2148		68		0		5		5

73		2153		68		0		5		5

75		2149		68		0		7		7

76		2154		69		0		7		7

76		2156		69		0		7		7

76		2159		69		0		7		7

77		2163		76		0		1		1

78		2161		76		0		2		2

78		2162		76		0		2		2

80		2164		76		0		4		4

81		2166		76		0		5		5

82		2165		76		0		6		6

82		2167		76		0		6		6

83		2172		82		0		1		1

84		2169		82		0		2		2

85		2174		82		0		3		3

86		2171		82		0		4		4

86		43		23		0		63		63

87		2177		86		0		1		1

88		2168		82		0		6		6

89		2173		82		0		7		7

89		2179		86		0		3		3

89		2181		86		0		3		3

89		2187		88		0		1		1

90		2178		86		0		4		4

90		2182		88		0		2		2

90		2188		88		0		2		2

91		2170		82		0		9		9

91		2186		88		0		3		3

91		70		28		1		62		63

92		2175		86		0		6		6

92		2193		89		0		3		3

93		2200		91		0		2		2

93		2184		88		0		5		5

93		2197		91		0		2		2

94		2199		91		0		3		3

94		2185		88		0		6		6

94		2183		88		0		6		6

95		2191		89		0		6		6

95		2180		86		0		9		9

95		2201		91		0		4		4

95		2192		89		0		6		6

95		2190		89		0		6		6

95		2198		91		0		4		4

95		2194		89		0		6		6

96		2195		89		1		6		7

96		2176		86		0		10		10

96		2189		89		1		6		7

97		2202		91		1		5		6

97		2196		91		0		6		6

98		2205		96		0		2		2

98		80		35		1		62		63

99		2208		96		0		3		3

99		2203		96		0		3		3

99		2204		96		0		3		3

100		2207		96		0		4		4

103		2206		96		0		7		7

103		2209		96		0		7		7

103		2212		101		0		2		2

104		2216		101		0		3		3

104		2214		101		0		3		3

105		2211		101		0		4		4

105		2210		101		0		4		4

105		2215		101		0		4		4

106		2217		102		0		4		4

106		2228		103		0		3		3

106		2223		102		0		4		4

106		2219		102		0		4		4

106		2226		103		0		3		3

106		2225		103		0		3		3

106		2220		102		0		4		4

107		2213		101		0		6		6

107		2224		103		0		4		4

107		2230		103		0		4		4

107		2227		103		0		4		4

107		2221		102		0		5		5

108		2218		102		0		6		6

108		2229		103		0		5		5

109		2222		102		0		7		7

109		54		25		0		84		84

111		2235		109		0		2		2

112		2241		111		0		1		1

113		2233		109		0		4		4

113		2231		109		0		4		4

113		2243		111		0		2		2

113		2242		111		0		2		2

114		2232		109		0		5		5

114		2234		109		0		5		5

114		2240		111		0		3		3

114		2237		109		0		5		5

115		2236		109		0		6		6

115		2249		114		0		1		1

116		2258		115		0		1		1

117		2244		111		0		6		6

117		2257		115		0		2		2

117		2238		111		0		6		6

117		2250		114		0		3		3

118		2254		115		0		3		3

119		2246		114		0		5		5

119		2251		114		0		5		5

119		2255		115		0		4		4

119		68		28		0		91		91

120		2247		114		0		6		6

120		2245		114		0		6		6

120		2253		115		0		5		5

120		2265		119		0		1		1

121		2239		111		0		10		10

121		2260		119		0		2		2

121		2256		115		0		6		6

121		2252		115		2		4		6

122		2263		119		0		3		3

123		2248		114		0		9		9

123		2272		122		0		1		1

124		2269		122		0		2		2

124		2261		119		0		5		5

124		2270		122		0		2		2

124		2259		119		0		5		5

125		2273		123		0		2		2

125		2277		123		0		2		2

126		2262		119		0		7		7

126		2267		122		0		4		4

126		2278		123		0		3		3

127		2264		119		0		8		8

127		2275		123		0		4		4

127		2279		123		0		4		4

127		2268		122		0		5		5

127		2266		122		0		5		5

127		2285		125		0		2		2

127		2271		122		0		5		5

127		2286		125		0		2		2

127		2282		125		0		2		2

128		2280		125		0		3		3

128		2284		125		0		3		3

128		2283		125		0		3		3

128		2281		125		0		3		3

129		2293		128		0		1		1

130		2274		123		0		7		7

130		2276		123		0		7		7

130		2288		128		0		2		2

130		2291		128		0		2		2

131		2287		128		0		3		3

131		117		48		1		82		83

132		2289		128		0		4		4

134		2290		128		0		6		6

135		2298		133		0		2		2

136		2292		128		0		8		8

136		2296		133		0		3		3

136		2299		133		0		3		3

136		2300		133		0		3		3

136		2294		133		0		3		3

137		2295		133		0		4		4

138		2303		134		0		4		4

138		2308		135		0		3		3

138		81		35		1		102		103

139		2304		134		0		5		5

139		2320		136		0		3		3

139		2309		135		0		4		4

139		2301		134		0		5		5

140		2317		136		0		4		4

140		2302		134		0		6		6

140		2315		136		0		4		4

140		2326		138		0		2		2

141		2316		136		0		5		5

141		2333		139		0		2		2

141		2321		136		1		4		5

142		2297		133		0		9		9

142		2334		139		0		3		3

142		2331		139		0		3		3

142		2325		138		0		4		4

142		2306		134		0		8		8

142		2307		134		0		8		8

143		2312		135		0		8		8

143		2310		135		0		8		8

143		2318		136		0		7		7

144		2327		138		0		6		6

144		2332		139		0		5		5

145		2323		138		1		6		7

145		2328		138		1		6		7

145		2311		135		0		10		10

145		2305		134		0		11		11

145		2314		135		0		10		10

146		2335		139		0		7		7

146		2342		144		0		2		2

146		2341		144		0		2		2

147		2313		135		0		12		12

147		2337		144		0		3		3

147		2347		146		0		1		1

148		2324		138		1		9		10

148		2319		136		0		12		12

148		2346		146		0		2		2

148		2338		144		0		4		4

148		2339		144		0		4		4

149		2322		138		1		10		11

149		2329		139		1		9		10

149		2348		146		0		3		3

149		2344		146		0		3		3

150		2330		139		1		10		11

150		2336		144		2		4		6

150		2343		146		0		4		4

151		2349		146		0		5		5

153		2340		144		1		8		9

153		2345		146		1		6		7

154		2355		152		0		2		2

154		2356		152		0		2		2

155		2350		152		0		3		3

156		2353		152		0		4		4

156		2354		152		0		4		4

157		2352		152		0		5		5

157		2351		152		0		5		5

158		2360		156		0		2		2

158		2361		156		0		2		2

158		2358		156		0		2		2

158		89		39		1		118		119

160		2362		156		0		4		4

160		2363		156		0		4		4

160		2369		159		0		1		1

160		2370		159		0		1		1

161		2366		159		0		2		2

162		2357		156		0		6		6

162		2373		161		0		1		1

163		2359		156		0		7		7

163		2372		161		0		2		2

163		2365		159		0		4		4

163		2367		159		0		4		4

164		2377		161		0		3		3

164		2376		161		0		3		3

165		2368		159		0		6		6

165		2364		159		0		6		6

165		2375		161		1		3		4

165		2371		161		1		3		4

166		2374		161		0		5		5

Battle result: Win

 For Earth Army :
Total number of ES 44
Total number of ET 135
Total number of EG 179
Total number of HU 20
percentage of destructed ES relative to their total 27.2727
percentage of destructed ET relative to their total 0
percentage of destructed EG relative to their total 0
percentage of total destructed Earth units relative to their total 3.35196
Average of Df for Earth army units 0.416667
Average of Dd for Earth army units 63.4167
Average of Db for Earth army units 63.8333
Df/Db percentage for Earth army 0.00652742
Dd/Db percentage for Earth army 0.993473
For Alien Army :
Total number of AS 98
Total number of AM 156
Total number of AD 124
percentage of destructed AS relative to their total 100
percentage of destructed AM relative to their total 100
percentage of destructed AD relative to their total 100
percentage of total destructed Alien units relative to their total 100
Average of Df for Alien army units 0.142857
Average of Dd for Alien army units 4.45238
Average of Db for Alien army units 4.59524
Df/Db percentage for Alien army 0.0310881
Dd/Db percentage for Alien army 0.968912
