Td		ID		Tj		Df		Dd		Db
9		5		5		0		4		4

10		2001		5		0		5		5

10		7		5		0		5		5

10		6		5		0		5		5

11		2000		5		0		6		6

13		2004		5		0		8		8

13		2013		8		0		5		5

14		14		8		0		6		6

15		2002		5		0		10		10

15		10		8		0		7		7

16		2003		5		0		11		11

16		2010		8		0		8		8

16		2012		8		0		8		8

16		2018		13		0		3		3

17		2020		13		0		4		4

17		2		5		0		12		12

17		3		5		0		12		12

18		9		8		0		10		10

18		16		13		0		5		5

19		2005		5		0		14		14

19		2006		5		0		14		14

19		2007		8		0		11		11

19		2017		13		0		6		6

19		2015		13		0		6		6

20		11		8		0		12		12

20		21		13		0		7		7

22		12		8		0		14		14

22		13		8		0		14		14

22		27		17		0		5		5

23		2025		17		0		6		6

23		2019		13		0		10		10

23		2014		13		0		10		10

23		2027		17		0		6		6

23		26		17		0		6		6

23		20		13		0		10		10

24		34		20		0		4		4

24		4		5		0		19		19

24		8		8		0		16		16

24		1		5		0		19		19

26		2016		13		0		13		13

26		2026		17		0		9		9

26		31		20		0		6		6

27		28		17		0		10		10

27		18		13		0		14		14

28		2024		17		0		11		11

28		35		20		0		8		8

28		17		13		0		15		15

29		2011		8		0		21		21

29		25		17		0		12		12

29		30		20		0		9		9

29		22		17		0		12		12

30		2008		8		0		22		22

30		2009		8		0		22		22

30		2028		20		0		10		10

30		23		17		0		13		13

30		29		20		0		10		10

30		32		20		0		10		10

30		15		13		0		17		17

31		24		17		0		14		14

32		2034		20		0		12		12

33		2029		20		1		12		13

33		2038		29		0		4		4

35		2036		29		0		6		6

35		2022		17		0		18		18

35		2032		20		0		15		15

36		2031		20		0		16		16

37		2048		33		0		4		4

37		39		29		0		8		8

37		41		29		0		8		8

38		2055		34		0		4		4

38		2021		17		2		19		21

39		2053		34		0		5		5

39		2049		34		0		5		5

39		48		33		0		6		6

40		2023		17		0		23		23

40		2033		20		0		20		20

40		2030		20		3		17		20

40		46		33		0		7		7

40		50		34		0		6		6

40		45		33		0		7		7

40		43		33		0		7		7

41		33		20		0		21		21

42		55		34		0		8		8

42		54		34		0		8		8

43		56		34		0		9		9

45		2056		39		0		6		6

45		2062		39		0		6		6

45		53		34		0		11		11

45		38		29		0		16		16

46		2044		33		0		13		13

46		62		39		0		7		7

49		59		39		0		10		10

49		60		39		0		10		10

50		57		39		0		11		11

51		2070		46		0		5		5

51		2045		33		0		18		18

51		69		44		0		7		7

52		2040		29		0		23		23

52		2076		46		0		6		6

52		2069		44		0		8		8

52		2071		46		0		6		6

53		2042		33		3		17		20

53		2039		29		0		24		24

54		2089		50		0		4		4

55		2065		44		0		11		11

55		74		46		0		9		9

55		73		46		0		9		9

55		77		46		0		9		9

55		65		44		0		11		11

56		2051		34		0		22		22

56		68		44		0		12		12

57		71		46		0		11		11

58		2043		33		3		22		25

58		64		44		0		14		14

58		88		50		0		8		8

58		81		49		0		9		9

59		89		50		0		9		9

60		2064		44		0		16		16

60		2079		49		0		11		11

60		2095		53		0		7		7

60		2088		50		1		9		10

60		79		49		0		11		11

60		83		49		0		11		11

60		85		50		0		10		10

61		2063		44		0		17		17

61		2085		50		2		9		11

61		92		53		0		8		8

62		2047		33		0		29		29

62		2081		49		0		13		13

62		93		53		0		9		9

63		2096		53		2		8		10

63		2094		53		0		10		10

63		2091		53		0		10		10

64		2066		44		0		20		20

64		2067		44		0		20		20

64		72		46		0		18		18

64		95		53		0		11		11

67		2078		49		0		18		18

68		2101		64		0		4		4

68		78		49		0		19		19

69		2104		64		0		5		5

69		2041		29		0		40		40

70		2086		50		0		20		20

70		2050		34		0		36		36

70		2074		46		0		24		24

71		97		53		1		17		18

72		2110		66		0		6		6

73		2054		34		0		39		39

73		2035		29		2		42		44

74		2037		29		2		43		45

74		47		33		0		41		41

74		91		50		0		24		24

74		112		66		0		8		8

74		61		39		0		35		35

75		109		66		0		9		9

75		103		64		0		11		11

75		108		66		0		9		9

75		67		44		0		31		31

75		63		39		0		36		36

75		84		49		0		26		26

75		52		34		0		41		41

75		105		64		0		11		11

76		2100		64		0		12		12

76		2060		39		0		37		37

78		2061		39		0		39		39

79		104		64		0		15		15

79		99		64		0		15		15

79		117		74		0		5		5

80		2105		66		0		14		14

80		2112		74		0		6		6

80		2115		74		0		6		6

81		2106		66		0		15		15

82		2109		66		0		16		16

82		2052		34		0		48		48

82		2125		75		0		7		7

82		118		74		0		8		8

84		2132		76		0		8		8

84		2123		75		0		9		9

84		2127		76		0		8		8

84		129		76		0		8		8

85		2124		75		0		10		10

87		2134		78		1		8		9

87		2140		79		0		8		8

88		2145		79		0		9		9

88		107		66		0		22		22

88		115		74		0		14		14

89		2059		39		0		50		50

89		2057		39		3		47		50

89		133		76		1		12		13

89		159		82		0		7		7

90		2046		33		0		57		57

90		2077		49		8		33		41

90		2149		81		0		9		9

90		2146		79		0		11		11

90		138		78		1		11		12

90		120		75		0		15		15

90		149		81		0		9		9

90		158		82		0		8		8

91		2083		49		0		42		42

91		143		79		0		12		12

92		2087		50		0		42		42

92		2158		82		1		9		10

92		116		74		0		18		18

92		119		74		0		18		18

92		174		87		0		5		5

93		2169		87		1		5		6

93		2151		81		0		12		12

93		2162		86		0		7		7

94		2166		86		0		8		8

95		2080		49		8		38		46

95		2161		86		0		9		9

95		2084		50		0		45		45

95		162		86		0		9		9

96		2175		91		0		5		5

96		168		86		0		10		10

96		169		87		0		9		9

97		2072		46		8		43		51

97		2179		91		0		6		6

97		2093		53		0		44		44

97		2187		92		0		5		5

98		130		76		1		21		22

99		2117		74		0		25		25

99		2192		93		0		6		6

99		175		87		0		12		12

100		111		66		0		34		34

101		94		53		1		47		48

101		160		82		1		18		19

101		184		92		0		9		9

101		177		91		0		10		10

102		2119		75		0		27		27

102		170		87		1		14		15

102		167		86		0		16		16

103		2090		50		0		53		53

103		147		79		1		23		24

103		191		93		0		10		10

104		2144		79		1		24		25

104		156		82		1		21		22

105		2147		81		0		24		24

105		2198		99		0		6		6

106		2068		44		0		62		62

107		2138		78		0		29		29

107		2075		46		0		61		61

107		2136		78		0		29		29

107		151		81		1		25		26

108		163		86		1		21		22

108		176		91		1		16		17

108		179		91		1		16		17

108		194		93		1		14		15

110		2148		81		1		28		29

110		2099		64		0		46		46

110		2135		78		0		32		32

110		190		93		1		16		17

110		199		99		1		10		11

110		180		91		0		19		19

111		2143		79		1		31		32

111		2058		39		4		68		72

111		2102		64		0		47		47

111		2205		107		0		4		4

111		178		91		1		19		20

111		203		99		0		12		12

111		188		92		0		19		19

112		2203		107		0		5		5

113		2107		66		9		38		47

113		2150		81		1		31		32

113		185		92		1		20		21

113		187		92		1		20		21

114		202		99		1		14		15

116		2092		53		0		63		63

116		2097		53		0		63		63

117		2103		64		0		53		53

117		2098		64		9		44		53

118		2167		86		1		31		32

118		205		107		0		11		11

120		2184		92		2		26		28

120		2073		46		8		66		74

120		2216		115		0		5		5

120		2194		93		2		25		27

120		215		115		0		5		5

121		2154		82		1		38		39

122		2168		87		1		34		35

122		2177		91		1		30		31

122		2156		82		15		25		40

122		134		78		0		44		44

123		2178		91		2		30		32

123		2180		91		2		30		32

124		2114		74		0		50		50

124		2082		49		0		75		75

124		219		118		0		6		6

125		2108		66		0		59		59

125		2217		118		0		7		7

125		218		118		0		7		7

126		2212		115		0		11		11

126		2230		119		1		6		7

126		2219		118		0		8		8

126		2220		118		0		8		8

126		223		118		0		8		8

127		2185		92		2		33		35

127		214		115		0		12		12

127		220		118		0		9		9

128		2224		119		1		8		9

128		230		119		0		9		9

128		222		118		0		10		10

129		2199		99		3		27		30

129		2160		82		0		47		47

129		2225		119		2		8		10

129		217		115		0		14		14

129		142		79		0		50		50

130		211		115		0		15		15

131		2204		107		1		23		24

131		2206		107		2		22		24

131		2111		66		0		65		65

131		2234		124		0		7		7

131		2232		124		0		7		7

131		207		107		0		24		24

132		2196		99		2		31		33

132		232		124		0		8		8

132		235		124		0		8		8

133		2214		115		1		17		18

133		234		124		0		9		9

134		2191		93		0		41		41

134		2248		130		0		4		4

135		2195		93		0		42		42

135		237		124		0		11		11

136		2256		131		0		5		5

136		255		131		0		5		5

137		2227		119		2		16		18

137		2218		118		1		18		19

138		2129		76		0		62		62

138		2116		74		0		64		64

138		2190		93		0		45		45

139		2265		133		0		6		6

139		2262		133		0		6		6

140		238		124		0		16		16

141		2118		74		0		67		67

141		258		131		0		10		10

142		264		133		0		9		9

143		2231		124		1		18		19

143		2113		74		0		69		69

143		248		130		0		13		13

143		252		130		0		13		13

144		2237		124		1		19		20

144		2202		99		0		45		45

144		257		131		0		13		13

145		2238		129		1		15		16

146		2247		130		1		15		16

146		2255		131		1		14		15

146		2275		142		0		4		4

146		244		129		0		17		17

146		246		130		0		16		16

146		251		130		0		16		16

147		2274		142		0		5		5

147		2279		142		0		5		5

148		2277		142		0		6		6

149		2164		86		0		63		63

150		2284		146		0		4		4

150		245		129		0		21		21

151		2286		146		0		5		5

152		2173		87		0		65		65

152		2291		148		0		4		4

152		261		133		1		18		19

153		2126		76		11		66		77

153		280		142		0		11		11

154		2267		140		1		13		14

154		2268		140		1		13		14

155		270		140		1		14		15

155		288		148		0		7		7

156		2142		79		0		77		77

156		2307		152		0		4		4

156		271		140		0		16		16

156		300		151		0		5		5

157		2176		91		0		66		66

157		267		140		1		16		17

157		307		152		0		5		5

158		2320		154		0		4		4

158		311		153		0		5		5

159		2208		107		0		52		52

159		2303		152		0		7		7

159		2152		81		0		78		78

159		2302		152		0		7		7

160		2315		154		0		6		6

160		278		142		1		17		18

161		2308		153		0		8		8

161		2326		155		0		6		6

162		2333		156		0		6		6

162		286		146		1		15		16

163		2183		92		12		59		71

163		2122		75		0		88		88

164		2335		156		0		8		8

164		2337		160		0		4		4

164		2120		75		0		89		89

164		283		146		1		17		18

165		2155		82		15		68		83

165		2201		99		0		66		66

165		295		151		0		14		14

165		294		148		0		17		17

166		290		148		1		17		18

166		340		160		0		6		6

167		2197		99		0		68		68

167		2121		75		0		92		92

167		272		140		2		25		27

167		345		161		0		6		6

167		304		152		0		15		15

168		2128		76		0		92		92

168		2131		76		0		92		92

168		334		156		0		12		12

169		2171		87		14		68		82

169		2163		86		13		70		83

169		310		153		1		15		16

169		299		151		0		18		18

169		341		160		0		9		9

169		342		160		0		9		9

170		2130		76		0		94		94

170		303		152		1		17		18

170		321		154		0		16		16

170		349		161		0		9		9

171		2172		87		0		84		84

171		2356		166		0		5		5

171		322		154		1		16		17

171		325		155		0		16		16

172		2350		166		0		6		6

172		2355		166		0		6		6

172		305		152		1		19		20

172		262		133		0		39		39

173		263		133		0		40		40

174		2139		78		0		96		96

175		2292		148		0		27		27

175		2188		92		0		83		83

176		2280		146		0		30		30

176		274		142		0		34		34

176		268		140		0		36		36

177		335		156		1		20		21

178		2182		92		12		74		86

178		328		155		1		22		23

179		2141		79		0		100		100

179		296		151		0		28		28

179		285		146		0		33		33

180		2283		146		0		34		34

180		2288		148		0		32		32

180		2159		82		0		98		98

180		273		140		0		40		40

181		339		160		1		20		21

182		2258		131		0		51		51

182		2210		115		0		67		67

182		319		154		1		27		28

182		302		152		1		29		30

182		289		148		0		34		34

182		253		131		0		51		51

183		2207		107		0		76		76

183		297		151		0		32		32

183		206		107		0		76		76

184		324		155		1		28		29

184		166		86		0		98		98

185		2367		180		0		5		5

185		2366		180		0		5		5

185		2369		180		0		5		5

185		282		146		1		38		39

185		137		78		0		107		107

185		155		82		0		103		103

185		157		82		0		103		103

186		2368		180		0		6		6

187		2294		151		0		36		36

187		353		166		1		20		21

187		354		166		1		20		21

187		365		180		0		7		7

187		357		166		2		19		21

189		136		78		0		111		111

190		344		161		1		28		29

191		2137		78		0		113		113

191		2174		87		0		104		104

191		376		186		0		5		5

192		2372		186		0		6		6

192		2377		186		0		6		6

192		2374		186		0		6		6

192		362		179		1		12		13

193		2133		78		13		102		115

193		363		179		2		12		14

193		366		180		1		12		13

194		2297		151		1		42		43

194		370		180		1		13		14

195		2200		99		0		96		96

195		2276		142		0		53		53

196		374		186		0		10		10

196		247		130		0		66		66

197		377		186		0		11		11

198		2324		155		2		41		43

198		2382		192		0		6		6

198		114		74		0		124		124

199		2296		151		1		47		48

199		2318		154		1		44		45

199		2299		151		1		47		48

199		2381		192		0		7		7

199		375		186		0		13		13

200		2311		153		1		46		47

200		2325		155		2		43		45

200		2383		192		0		8		8

200		2389		193		0		7		7

200		391		193		0		7		7

200		392		193		0		7		7

201		2385		193		0		8		8

201		212		115		0		86		86

203		2394		195		0		8		8

204		2322		155		2		47		49

204		2379		192		0		12		12

205		2306		152		1		52		53

205		2391		193		0		12		12

205		2407		200		0		5		5

205		355		166		2		37		39

205		399		195		0		10		10

206		2399		199		0		7		7

206		2408		200		0		6		6

206		2392		195		0		11		11

207		2319		154		2		51		53

207		404		199		0		8		8

208		2402		199		0		9		9

208		2412		200		1		7		8

209		2153		81		0		128		128

210		2328		155		2		53		55

210		2157		82		16		112		128

210		2413		204		0		6		6

210		387		193		0		17		17

212		2421		206		0		6		6

213		2336		160		2		51		53

213		2339		160		2		51		53

213		2228		119		0		94		94

213		2226		119		0		94		94

213		2223		118		0		95		95

214		2431		210		0		4		4

214		2433		210		0		4		4

214		400		199		0		15		15

215		2170		87		13		115		128

216		2343		161		3		52		55

216		431		210		0		6		6

216		430		210		0		6		6

216		414		204		0		12		12

218		2434		214		0		4		4

218		204		107		4		107		111

219		2233		124		19		76		95

219		2235		124		0		95		95

219		2435		214		0		5		5

219		397		195		0		24		24

219		412		200		0		19		19

219		416		204		0		15		15

219		423		206		0		13		13

219		432		210		0		9		9

220		417		204		0		16		16

221		2348		161		3		57		60

221		415		204		0		17		17

222		2446		218		0		4		4

222		442		218		0		4		4

223		403		199		0		24		24

223		394		195		0		28		28

224		453		220		0		4		4

224		420		204		0		20		20

225		2454		220		0		5		5

225		422		206		1		18		19

225		427		206		1		18		19

226		2344		161		3		62		65

226		407		200		0		26		26

226		385		192		10		24		34

228		2373		186		3		39		42

228		2465		222		0		6		6

229		2468		222		0		7		7

229		2463		222		0		7		7

230		2242		129		0		101		101

230		389		193		0		37		37

231		2359		179		2		50		52

231		2250		130		0		101		101

231		451		220		0		11		11

232		2193		93		0		139		139

232		468		222		0		10		10

232		441		214		0		18		18

233		2254		131		0		102		102

234		2471		228		0		6		6

234		444		218		1		15		16

235		2257		131		0		104		104

235		2472		228		0		7		7

236		2397		195		2		39		41

236		2401		199		0		37		37

236		445		218		0		18		18

237		2476		232		0		5		5

238		2479		232		0		6		6

238		2482		232		0		6		6

238		409		200		0		38		38

240		2388		193		3		44		47

240		2484		234		0		6		6

240		2331		156		0		84		84

240		478		232		0		8		8

240		486		234		0		6		6

241		2332		156		0		85		85

241		433		210		1		30		31

241		448		218		1		22		23

241		470		228		0		13		13

242		2485		234		0		8		8

242		2483		234		0		8		8

242		489		234		0		8		8

243		2362		179		3		61		64

243		418		204		1		38		39

243		490		234		0		9		9

245		2395		195		2		48		50

245		2165		86		0		159		159

246		2398		195		2		49		51

246		2430		210		2		34		36

246		2496		240		0		6		6

247		2492		240		0		7		7

247		454		220		1		26		27

247		455		220		1		26		27

247		481		232		0		15		15

248		2502		242		0		6		6

248		2490		240		0		8		8

248		467		222		1		25		26

248		469		222		1		25		26

249		2410		200		3		46		49

249		2364		180		0		69		69

249		457		221		1		27		28

249		458		221		1		27		28

249		462		221		1		27		28

249		512		244		0		5		5

249		504		242		0		7		7

249		493		240		0		9		9

250		2420		206		2		42		44

250		2425		206		2		42		44

250		424		206		1		43		44

250		465		222		0		28		28

250		459		221		0		29		29

250		419		204		0		46		46

250		464		222		1		27		28

250		473		228		1		21		22

251		2509		243		0		8		8

252		2181		91		0		161		161

252		452		220		1		31		32

252		426		206		1		45		46

253		2513		244		1		8		9

253		2498		242		0		11		11

254		2352		166		0		88		88

254		2517		244		0		10		10

254		514		244		0		10		10

254		515		244		0		10		10

255		2409		200		2		53		55

255		2504		243		0		12		12

255		2278		142		0		113		113

255		520		248		0		7		7

256		487		234		0		22		22

257		2400		199		3		55		58

257		2520		248		0		9		9

257		2531		250		0		7		7

257		2530		250		0		7		7

257		474		228		1		28		29

258		2442		218		2		38		40

258		2521		248		0		10		10

258		2285		146		0		112		112

258		499		242		0		16		16

258		522		248		0		10		10

259		2443		218		2		39		41

259		2457		221		3		35		38

259		2460		221		3		35		38

259		2529		250		0		9		9

259		2519		248		1		10		11

259		466		222		1		36		37

260		2536		256		0		4		4

260		483		232		1		27		28

260		491		240		2		18		20

262		2243		129		0		133		133

262		536		256		0		6		6

263		2245		130		20		113		133

264		2453		220		2		42		44

264		2441		218		2		44		46

264		2189		93		12		159		171

264		480		232		1		31		32

264		482		232		1		31		32

265		2544		260		0		5		5

265		527		250		0		15		15

266		2539		260		0		6		6

266		516		244		2		20		22

268		2500		242		2		24		26

268		2475		228		3		37		40

268		2548		264		0		4		4

268		495		240		0		28		28

269		2393		195		0		74		74

270		2462		222		2		46		48

270		2253		131		0		139		139

270		2559		266		0		4		4

270		2556		266		0		4		4

271		2314		153		0		118		118

272		2481		232		3		37		40

272		2501		242		3		27		30

272		555		266		0		6		6

272		560		266		0		6		6

273		2211		115		0		158		158

273		538		256		0		17		17

274		2213		115		0		159		159

274		523		248		2		24		26

275		2563		268		0		7		7

275		552		264		0		11		11

275		497		240		2		33		35

276		2215		115		0		161		161

276		2317		154		0		122		122

276		521		248		2		26		28

277		2572		270		0		7		7

277		2560		268		0		9		9

277		511		243		2		32		34

277		498		242		2		33		35

278		524		248		2		28		30

278		506		243		2		33		35

278		564		268		0		10		10

280		2528		250		2		28		30

280		2511		244		3		33		36

280		2538		256		2		22		24

280		535		256		1		23		24

281		2525		250		2		29		31

281		2518		248		2		31		33

281		2568		270		0		11		11

281		530		250		2		29		31

281		577		274		0		7		7

282		2209		107		0		175		175

283		540		260		1		22		23

283		579		274		0		9		9

284		572		270		0		14		14

285		2565		268		1		16		17

285		2263		133		0		152		152

285		2578		274		0		11		11

285		2586		280		0		5		5

285		553		264		2		19		21

286		2574		274		0		12		12

286		2567		270		0		16		16

286		2573		270		0		16		16

286		2575		274		0		12		12

286		2580		274		0		12		12

286		500		242		2		42		44

286		558		266		2		18		20

286		581		274		0		12		12

287		2555		266		1		20		21

287		2261		133		24		130		154

287		575		274		0		13		13

288		2564		268		1		19		20

288		2594		281		0		7		7

288		576		274		0		14		14

289		2583		280		1		8		9

289		2585		280		2		7		9

289		591		281		0		8		8

289		544		260		2		27		29

289		582		280		0		9		9

290		2588		281		1		8		9

290		563		268		2		20		22

291		2222		118		0		173		173

291		2582		280		0		11		11

291		543		260		2		29		31

291		578		274		2		15		17

291		548		264		2		25		27

292		2577		274		1		17		18

292		557		266		0		26		26

293		2576		274		1		18		19

293		2272		140		0		153		153

294		2590		281		1		12		13

294		541		260		2		32		34

294		533		256		0		38		38

294		568		270		0		24		24

295		2347		161		0		134		134

295		2229		119		0		176		176

295		532		250		0		45		45

296		2269		140		0		156		156

296		569		270		2		24		26

297		2591		281		1		15		16

297		2342		160		0		137		137

297		2236		124		0		173		173

298		2354		166		0		132		132

298		2186		92		0		206		206

298		2282		146		0		152		152

298		2273		142		0		156		156

298		2371		186		0		112		112

298		2270		140		0		158		158

298		584		280		1		17		18

298		588		280		1		17		18

298		602		286		0		12		12

298		542		260		0		38		38

300		2587		280		1		19		20

300		2289		148		0		152		152

300		589		281		1		18		19

300		597		286		0		14		14

301		2241		129		0		172		172

301		2606		296		0		5		5

301		561		268		0		33		33

303		609		296		0		7		7

303		605		296		0		7		7

304		2244		129		0		175		175

304		2610		300		0		4		4

304		608		296		0		8		8

305		2293		148		0		157		157

305		604		296		0		9		9

307		603		296		0		11		11

307		551		264		0		43		43

307		546		260		0		47		47

308		2251		130		0		178		178

308		2295		151		0		157		157

308		2300		151		0		157		157

308		622		303		0		5		5

308		610		300		0		8		8

309		2621		303		0		6		6

309		2622		303		0		6		6

309		615		300		0		9		9

310		488		234		0		76		76

311		2240		129		19		163		182

311		2628		306		0		5		5

312		2387		193		0		119		119

312		630		306		0		6		6

313		2626		306		0		7		7

313		625		306		0		7		7

314		2631		309		0		5		5

314		508		243		0		71		71

315		2632		309		0		6		6

315		634		309		0		6		6

316		2619		303		0		13		13

316		2298		151		0		165		165

316		637		309		0		7		7

317		2609		300		0		17		17

317		2633		309		0		8		8

317		2312		153		0		164		164

317		636		309		0		8		8

319		2645		313		0		6		6

319		2643		311		0		8		8

319		638		311		0		8		8

319		633		309		0		10		10

320		2611		300		0		20		20

320		2635		309		0		11		11

320		2650		313		0		7		7

320		2316		154		0		166		166

320		2637		311		0		9		9

320		2630		309		0		11		11

321		2301		152		0		169		169

321		566		268		2		51		53

321		595		281		1		39		40

321		601		286		1		34		35

321		547		264		2		55		57

321		594		281		0		40		40

321		585		280		0		41		41

321		534		256		0		65		65

322		2644		313		0		9		9

322		650		313		0		9		9

323		2651		319		0		4		4

323		644		311		0		12		12

324		2627		306		0		18		18

324		626		306		0		18		18

325		2327		155		0		170		170

325		657		319		0		6		6

326		2361		179		0		147		147

326		2478		232		0		94		94

326		2660		321		0		5		5

326		629		306		0		20		20

326		659		321		0		5		5

327		2330		156		0		171		171

327		655		319		0		8		8

328		660		321		0		7		7

328		648		313		0		15		15

329		2417		204		0		125		125

330		2668		326		0		4		4

331		2638		311		0		20		20

332		2671		326		0		6		6

332		667		326		0		6		6

334		2341		160		0		174		174

334		2672		330		0		4		4

334		2677		330		0		4		4

334		2676		330		0		4		4

334		670		326		0		8		8

335		2641		311		0		24		24

335		2221		118		0		217		217

337		2647		313		1		23		24

337		668		326		0		11		11

338		2663		321		0		17		17

338		2679		334		0		4		4

339		2692		335		0		4		4

340		2662		321		0		19		19

341		2695		337		0		4		4

341		675		330		0		11		11

341		676		330		0		11		11

341		685		334		0		7		7

342		2664		321		1		20		21

342		2699		337		0		5		5

342		2351		166		0		176		176

343		2667		326		1		16		17

343		669		326		0		17		17

343		645		313		0		30		30

343		672		326		0		17		17

345		2684		334		0		11		11

345		2701		339		0		6		6

345		2700		339		0		6		6

346		689		335		0		11		11

347		2712		342		0		5		5

348		2714		343		0		5		5

348		2716		343		0		5		5

349		2704		339		0		10		10

350		2384		192		0		158		158

351		2726		347		0		4		4

353		2715		343		0		10		10

353		2734		349		0		4		4

353		2449		220		0		133		133

353		2731		349		0		4		4

354		2733		349		0		5		5

355		681		334		0		21		21

355		716		343		0		12		12

356		680		334		0		22		22

357		2290		148		0		209		209

357		718		343		0		14		14

357		505		243		0		114		114

359		2725		347		0		12		12

359		2736		353		0		6		6

360		2390		193		0		167		167

360		666		326		0		34		34

361		2746		354		0		7		7

361		2745		354		0		7		7

361		2748		354		0		7		7

361		2744		354		0		7		7

361		748		354		0		7		7

362		2721		347		0		15		15

362		2724		347		0		15		15

362		694		337		0		25		25

362		747		354		0		8		8

362		756		356		0		6		6

363		2755		356		0		7		7

363		698		337		0		26		26

364		2728		349		1		14		15

364		2747		354		1		9		10

364		2309		153		22		189		211

364		2246		130		0		234		234

364		749		354		0		10		10

365		2321		154		0		211		211

366		720		343		1		22		23

366		704		339		0		27		27

366		707		339		1		26		27

367		2403		199		0		168		168

368		2738		353		0		15		15

369		715		343		0		26		26

370		703		339		0		31		31

370		708		342		0		28		28

371		741		353		0		18		18

371		758		361		0		10		10

372		2260		133		24		215		239

372		746		354		1		17		18

373		2750		356		0		17		17

373		2754		356		0		17		17

374		2487		234		0		140		140

374		754		356		1		17		18

375		2769		370		0		5		5

375		750		356		1		18		19

376		2765		370		0		6		6

376		2767		370		0		6		6

376		743		354		1		21		22

377		2762		361		0		16		16

378		753		356		1		21		22

378		773		372		0		6		6

379		2426		206		0		173		173

379		2771		372		0		7		7

379		2766		370		0		9		9

379		759		361		2		16		18

379		717		343		1		35		36

379		771		372		0		7		7

380		2772		372		0		8		8

380		760		361		2		17		19

380		755		356		1		23		24

380		774		372		0		8		8

380		765		370		0		10		10

381		2329		156		22		203		225

381		757		361		1		19		20

381		764		370		1		10		11

381		768		370		1		10		11

381		769		370		1		10		11

381		767		370		0		11		11

382		2783		378		0		4		4

382		766		370		1		11		12

383		2786		379		0		4		4

383		777		372		0		11		11

384		2788		379		0		5		5

385		2784		379		0		6		6

385		2787		379		0		6		6

385		780		378		1		6		7

389		787		379		1		9		10

389		789		379		1		9		10

390		2800		384		0		6		6

390		793		381		0		9		9

391		2814		386		0		5		5

391		2338		160		21		210		231

391		2271		140		0		251		251

392		2806		385		0		7		7

392		2803		384		0		8		8

393		2812		386		0		7		7

393		697		337		0		56		56

393		752		356		0		37		37

393		795		381		0		12		12

394		2768		370		0		24		24

394		2815		386		0		8		8

394		794		381		0		13		13

394		796		381		0		13		13

394		802		384		1		9		10

394		806		385		0		9		9

395		2821		387		0		8		8

395		803		384		1		10		11

396		2773		372		1		23		24

397		825		387		1		9		10

397		820		387		1		9		10

397		816		386		0		11		11

398		826		387		1		10		11

399		827		391		0		8		8

400		2764		370		0		30		30

400		2770		372		0		28		28

400		2831		391		0		9		9

400		2375		186		0		214		214

400		817		386		1		13		14

400		824		387		0		13		13

400		818		386		0		14		14

401		2837		393		0		8		8

402		2827		391		1		10		11

402		2820		387		1		14		15

402		833		391		1		10		11

402		850		397		0		5		5

403		2828		391		0		12		12

403		840		393		1		9		10

404		2774		372		1		31		32

404		2353		166		0		238		238

404		2523		248		0		156		156

405		2829		391		0		14		14

406		849		397		0		9		9

407		2841		396		0		11		11

407		874		403		0		4		4

408		2281		146		24		238		262

408		831		391		1		16		17

408		832		391		1		16		17

408		873		403		0		5		5

409		844		396		0		13		13

410		2838		393		1		16		17

410		2832		391		0		19		19

410		2859		399		2		9		11

410		2852		397		0		13		13

411		2445		218		0		193		193

411		2858		399		0		12		12

411		2840		396		0		15		15

411		866		401		1		9		10

411		855		399		1		11		12

413		2790		379		0		34		34

413		2461		221		0		192		192

413		848		397		0		16		16

414		2459		221		0		193		193

414		2853		397		0		17		17

414		2535		256		0		158		158

414		2239		129		18		267		285

414		858		399		1		14		15

414		863		401		1		12		13

414		865		401		1		12		13

415		2448		220		35		160		195

416		2793		381		0		35		35

416		2386		193		0		223		223

416		2879		407		0		9		9

416		841		396		0		20		20

417		2785		379		0		38		38

418		2860		399		1		18		19

418		881		407		0		11		11

419		888		411		0		8		8

419		887		411		0		8		8

419		886		411		0		8		8

420		2873		403		0		17		17

420		2868		403		2		15		17

420		857		399		0		21		21

421		2801		384		1		36		37

421		2887		411		1		9		10

421		2867		401		0		20		20

422		2813		386		1		35		36

422		2807		385		1		36		37

422		2872		403		0		19		19

422		2249		130		0		292		292

422		2863		401		0		21		21

422		2305		152		0		270		270

422		877		407		0		15		15

423		2884		411		0		12		12

423		856		399		0		24		24

423		872		403		0		20		20

424		2818		386		1		37		38

424		2810		385		1		38		39

424		2888		411		0		13		13

424		869		403		0		21		21

425		889		411		0		14		14

426		875		403		1		22		23

426		884		411		0		15		15

426		845		396		0		30		30

427		2848		397		2		28		30

427		883		411		0		16		16

427		907		422		0		5		5

428		2799		384		1		43		44

428		2825		387		1		40		41

428		2834		393		2		33		35

428		2826		391		2		35		37

428		2304		152		0		276		276

428		2882		411		1		16		17

428		902		421		0		7		7

429		2846		396		2		31		33

429		2900		421		0		8		8

429		868		401		1		27		28

430		2844		396		2		32		34

430		2899		421		0		9		9

430		834		393		0		37		37

431		2823		387		1		43		44

431		2839		393		2		36		38

431		2907		422		0		9		9

431		906		422		0		9		9

431		851		397		0		34		34

432		2886		411		5		16		21

433		2908		422		0		11		11

433		867		401		0		32		32

434		912		426		0		8		8

436		2890		420		1		15		16

436		2913		426		0		10		10

437		2916		426		0		11		11

437		2914		426		1		10		11

437		2923		430		0		7		7

437		882		407		0		30		30

438		2323		155		0		283		283

439		2313		153		0		286		286

439		2918		430		0		9		9

440		2649		313		0		127		127

440		901		421		0		19		19

440		922		430		0		10		10

441		2928		435		0		6		6

441		927		435		0		6		6

442		2921		430		0		12		12

442		2922		430		0		12		12

442		908		422		1		19		20

442		924		430		0		12		12

443		2931		437		0		6		6

443		2470		228		0		215		215

443		2935		437		0		6		6

443		892		420		0		23		23

443		893		420		0		23		23

443		898		421		0		22		22

444		936		437		0		7		7

445		2411		200		0		245		245

445		904		422		1		22		23

445		938		437		0		8		8

446		933		437		0		9		9

447		2938		442		0		5		5

448		2363		179		0		269		269

448		2942		442		0		6		6

448		915		426		1		21		22

448		910		422		1		25		26

449		2939		442		0		7		7

449		2951		445		0		4		4

450		2264		133		0		317		317

450		2418		204		0		246		246

450		2956		446		0		4		4

450		942		442		0		8		8

451		2360		179		0		272		272

452		2357		179		0		273		273

452		2953		446		0		6		6

452		2422		206		32		214		246

452		958		446		0		6		6

453		2423		206		33		214		247

453		2665		326		0		127		127

453		946		445		0		8		8

454		2961		449		0		5		5

454		2589		281		0		173		173

454		945		442		0		12		12

454		954		446		0		8		8

455		2940		442		0		13		13

455		2365		180		0		275		275

457		931		435		1		21		22

459		2972		456		0		3		3

459		920		430		1		28		29

459		914		426		1		32		33

460		2944		442		0		18		18

460		944		442		1		17		18

461		2966		456		0		5		5

461		935		437		1		23		24

462		2949		445		0		17		17

462		2958		446		0		16		16

462		2982		458		0		4		4

463		2978		457		0		6		6

463		2981		458		0		5		5

463		2974		457		0		6		6

464		2977		457		0		7		7

464		2600		286		0		178		178

464		2969		456		0		8		8

464		2432		210		0		254		254

464		986		458		0		6		6

465		913		426		1		38		39

465		928		435		0		30		30

465		925		435		0		30		30

466		2992		461		1		4		5

466		951		445		1		20		21

466		985		458		0		8		8

466		983		458		0		8		8

467		2962		449		0		18		18

467		963		449		1		17		18

468		2429		210		0		258		258

468		956		446		1		21		22

468		974		457		0		11		11

469		2994		465		0		4		4

470		2997		465		0		5		5

470		2510		243		0		227		227

471		2346		161		22		288		310

471		2995		465		0		6		6

472		3003		467		0		5		5

472		953		446		1		25		26

473		989		461		0		12		12

474		2515		244		0		230		230

475		2986		458		0		17		17

476		3008		470		0		6		6

476		3009		470		0		6		6

476		3017		471		0		5		5

476		977		457		1		18		19

476		980		457		1		18		19

477		2984		458		0		19		19

477		3021		471		0		6		6

477		984		458		1		18		19

478		2990		461		0		17		17

478		3016		471		0		7		7

478		988		461		1		16		17

479		2376		186		0		293		293

480		3024		472		0		8		8

480		3025		472		0		8		8

480		992		461		1		18		19

480		1008		467		0		13		13

480		1024		472		0		8		8

481		949		445		1		35		36

481		1036		475		0		6		6

481		1027		472		0		9		9

482		2996		465		0		17		17

482		3035		475		0		7		7

483		3034		475		1		7		8

483		1011		470		1		12		13

483		999		465		1		17		18

483		990		461		0		22		22

483		1028		472		0		11		11

484		1032		475		0		9		9

485		3004		467		0		18		18

485		1003		467		1		17		18

485		1043		480		0		5		5

486		3011		470		0		16		16

486		2439		214		0		272		272

486		3040		480		0		6		6

487		3013		470		0		17		17

487		3027		472		1		14		15

487		1000		465		1		21		22

487		1006		467		1		19		20

487		1030		475		0		12		12

488		1044		483		0		5		5

490		1056		484		0		6		6

490		1047		483		0		7		7

491		3046		483		0		8		8

491		1014		470		1		20		21

492		2447		218		0		274		274

493		3043		483		0		10		10

494		3054		484		0		10		10

494		1053		484		0		10		10

495		3059		486		0		9		9

495		1073		488		0		7		7

496		3063		486		0		10		10

496		3056		484		0		12		12

496		3036		480		0		16		16

497		3069		487		0		10		10

497		1062		486		0		11		11

499		3053		484		1		14		15

499		3067		487		0		12		12

499		3050		484		0		15		15

499		3045		483		0		16		16

499		1085		490		0		9		9

499		1087		492		0		7		7

500		3078		490		1		9		10

500		2451		220		0		280		280

500		1088		492		0		8		8

Battle result: Draw

 For Earth Army :
Total number of ES 283
Total number of ET 367
Total number of EG 399
Total number of HU 50
percentage of destructed ES relative to their total 92.5795
percentage of destructed ET relative to their total 74.3869
percentage of destructed EG relative to their total 5.51378
percentage of total destructed Earth units relative to their total 53.0982
Average of Df for Earth army units 0.371963
Average of Dd for Earth army units 18.7458
Average of Db for Earth army units 19.1178
Df/Db percentage for Earth army 0.0194564
Dd/Db percentage for Earth army 0.980544
For Alien Army :
Total number of AS 174
Total number of AM 328
Total number of AD 597
percentage of destructed AS relative to their total 98.2759
percentage of destructed AM relative to their total 95.122
percentage of destructed AD relative to their total 37.5209
percentage of total destructed Alien units relative to their total 64.3312
Average of Df for Alien army units 1.08204
Average of Dd for Alien army units 47.4356
Average of Db for Alien army units 48.5177
Df/Db percentage for Alien army 0.0223019
Dd/Db percentage for Alien army 0.977698
